  0    1    2    3    4    5    6    7    8    9   10   11   12   13   14   15   16   17   18   19   20   21   22   23   24   25   26   27   28   29   30   31   32   33   34   35   36   37   38   39   40   41   42   43   44   45   46   47   48   49   50   51   52   53   54
 22    3    2    0   51    1    0    0   47    3    2    0    0    0    0  -30  -52   21   20  -59  113   29   79  115 -112 -121   31    1  -92 -127  -97   46  -21   45   82   45   89  124   75  -56  -73  119   75    0    0    8    0   47    0   53    0    5    0    4    1
 22    3    2    0   51    1    0    0   47    3    2    0    0    0    0   72  -83  108   87  -91 -128  -51   48 -101   50 -101   51  -33  104  122   60  -11 -101  120 -122  -40   93 -116  -37  -85  -56   -2   15    0    0    8    0   47    0   53    0    5    0    4    1
 22    3    2    0   51    1    0    0   47    3    2    0    0    0    0  -70  -57  -73  -14   43  -31  -47 -104  106   25  -70 -123   98  -44   97   41  -58  -13   20  -52  -27    5  103   31 -124   47  -34   79    0    0    8    0   47    0   53    0    5    0    4    1
 22    3    2    0   51    1    0    0   47    3    2    0    0    0    0  118  -19   34  -62  -21  122   41   38  -18  -72   20  -10  125   10 -127  -95   80  -66   67   24   87  -63   47 -118 -107  -35  -62  -73    0    0    8    0   47    0   53    0    5    0    4    1
 22    3    2    0   51    1    0    0   47    3    2    0    0    0    0  -26 -106  -36   22   72   22  -67   67   36 -127   -1   55  -83 -103   -3   76   27   -1  -41   -2   98  -79    7 -109   62   87   27   -1    0    0    8    0   47    0   53    0    5    0    4    1
 22    3    2    0   51    1    0    0   47    3    2    0    0    0    0  -87   28 -111    6   65  -48   51  126  -39   81  -38   18  -91  -73  -14  100  -39  117  102   78  -42   -1 -112  -77   16  -21   91  -26    0    0    8    0   47    0   53    0    5    0    4    1
 22    3    2    0   51    1    0    0   47    3    2    0    0    0    0  -81  124  -83   10   26  -89   62  -60   93 -122   25   22   -9   54  -81  127  112   71   -6   59  -69   22  -31   94  -22   44   84  113    0    0    8    0   47    0   53    0    5    0    4    1
 22    3    2    0   51    1    0    0   47    3    2    0    0    0    0  -82   21  -68   28   42   57 -104    9   94  -67   27  -62   62   13 -116   91  -89   94   55 -100   18  -93   41 -104   91    8   77   43    0    0    8    0   47    0   53    0    5    0    4    1
 22    3    2    0   51    1    0    0   47    3    2    0    0    0    0  -29 -110   61  -55  115 -106   91   39  -57  119   82  -22  -83  -71 -125   99  -98  -26   60   78   48  -47   41  -43   46   85  115   80    0    0    8    0   47    0   53    0    5    0    4    1
 22    3    2    0   51    1    0    0   47    3    2    0    0    0    0   50    9  -91  -43    6   70   -4  -88   78   68  -18   24   75   54 -118   15    9  -46  120   -8  -81 -122   45  106   29   39   27   -1    0    0    8    0   47    0   53    0    5    0    4    1
 22    3    2    0   51    1    0    0   47    3    2    0    0    0    0   71  124   19   83  -62  -21  122  -88   21   50  -75  -22 -126   96   80  -42  122    7  -94  -54   60   59  110  -56  -15  -33   38  105    0    0    8    0   47    0   53    0    5    0    4    1
 22    3    2    0   51    1    0    0   47    3    2    0    0    0    0    2  -48  -47   29 -111  -58  -19  -22  113   10   98 -111   14 -113 -115  -45   87  113 -100  -44  -35  -54   82   46  -21  -61  -23  -34    0    0    8    0   47    0   53    0    5    0    4    1
150  131  130  128  179  129  128  128  175  131  130  128  128  128  128  246  218  203   31  179  159   94   73  201   29  166   45  129  181  203  178   58  191   19   44  251    9   23  150   43   22   15  120  128  128  136  128  175  128  181  128  133  128  132  129
  S    U    P    L    A    V    | u rr       id |   | u call   type |   | u data   size |
 83   85   80   76   65
  | call    type |    | rr        id |

Location ID: 5
Password: xxx

Read 56 bytes

0               0       47        3
00000000 00000000 00101111 00000011 (bin)
                             12 035 (dec)

2               0        0        0
00000010 00000000 00000000 00000000 (bin)
                         33 554 432 (dec)

22              3        2        0
00010110 00000011 00000010 00000000
                        369 295 872

-128:127
   0:255

       0        1        2        3        4        5        6        7        8        9       10       11       12       13       14       15       16       17       18       19       20       21       22       23       24       25       26       27       28       29       30       31       32       33       34       35       36       37       38       39       40       41       42       43       44       45       46       47       48       49       50       51       52       53       54       55
00010110 00000011 00000010 00000000 00110011 00000001 00000000 00000000 00101111 00000011 00000010 00000000 00000000 00000000 00000000 00011100 11111101 11100011 00100000 01111010 11001001 01001010 10001100 11010000 10001010 01110110 10110011 00101110 00000100 11100010 00001100 00001110 10010110 00100101 01010000 10110100 10001001 00111011 11101110 10011010 00000000 01110001 00000101 00000000 00000000 00001000 00000000 00101111 00000000 00110101 00000000 00000101 00000000 00000100 00000001 00000000
00010110 00000011 00000010 00000000 00110011 00000001 00000000 00000000 00101111 00000011 00000010 00000000 00000000 00000000 00000000 00110110 01101100 11100001 01110111 01110110 10101110 11111000 00111010 00001010 01110111 01010101 10101010 00011100 10110111 11010010 11111101 01100111 10110001 00110001 11101000 01111000 10001001 00101010 11111001 01111000 11101101 00010011 10111011 00000000 00000000 00001000 00000000 00101111 00000000 00110101 00000000 00000101 00000000 00000100 00000001 00000000
00010110 00000011 00000010 00000000 00110011 00000001 00000000 00000000 00101111 00000011 00000010 00000000 00000000 00000000 00000000 01100010 01111001 11101111 11110000 00011000 11111111 10100110 10111101 11001111 00111000 10111000 10010101 00010011 10001101 00000011 10010011 11000110 00001111 10101001 01010011 10011001 11011000 11011110 11001100 01000001 00010001 00010001 10100110 00000000 00000000 00001000 00000000 00101111 00000000 00110101 00000000 00000101 00000000 00000100 00000001 00000000
00010110 00000011 00000010 00000000 00110011 00000001 00000000 00000000 00101111 00000011 00000010 00000000 00000000 00000000 00000000 01000010 01001101 11000010 01101001 11100110 00011011 00000111 10010011 00000001 00010101 00101000 11111001 01011100 11010000 01000001 00011011 11011100 00011100 00100111 10010001 00110010 11001010 00101100 00010110 01010011 01010011 11110001 11000101 00000000 00000000 00001000 00000000 00101111 00000000 00110101 00000000 00000101 00000000 00000100 00000001 00000000
00010110 00000011 00000010 00000000 00110011 00000001 00000000 00000000 00101111 00000011 00000010 00000000 00000000 00000000 00000000 11111100 01000110 11000111 11011110 10001001 10010111 11111111 00100110 11101010 10010010 11100010 01101101 00101001 10110111 10011011 01000110 10011010 11011000 11100111 10001011 01101110 00000011 01100100 01100110 01101001 10010100 10000111 11000001 00000000 00000000 00001000 00000000 00101111 00000000 00110101 00000000 00000101 00000000 00000100 00000001 00000000
00010110 00000011 00000010 00000000 00110011 00000001 00000000 00000000 00101111 00000011 00000010 00000000 00000000 00000000 00000000 00100001 10011011 00011011 11101011 10111000 11111011 10111111 10100101 10001111 00000011 00111000 01001010 10100011 00001011 10110110 00011100 00010111 11000011 11011010 11101111 11111100 11110010 01100010 00100001 10001100 00101010 00101111 10011101 00000000 00000000 00001000 00000000 00101111 00000000 00110101 00000000 00000101 00000000 00000100 00000001 00000000
00010110 00000011 00000010 00000000 00110011 00000001 00000000 00000000 00101111 00000011 00000010 00000000 00000000 00000000 00000000 00101000 00001100 10110011 00001110 00000011 11011101 00101001 10110000 01011110 00110000 01011011 00100101 10010101 01111011 00100100 01010100 00110101 10010110 01111000 11111010 10010110 00001101 10111111 10110010 01100111 01011101 01111000 11100111 00000000 00000000 00001000 00000000 00101111 00000000 00110101 00000000 00000101 00000000 00000100 00000001 00000000
00010110 00000011 00000010 00000000 00110011 00000001 00000000 00000000 00101111 00000011 00000010 00000000 00000000 00000000 00000000 01010100 11010011 11011010 00111100 01100101 00111100 11100111 00111011 00101010 00111000 01000101 10111000 11111100 00011101 11100111 11101111 00111011 00100010 01000011 10100100 11000001 11111111 00111011 00101000 11011101 01010011 11101111 01011111 00000000 00000000 00001000 00000000 00101111 00000000 00110101 00000000 00000101 00000000 00000100 00000001 00000000
00010110 00000011 00000010 00000000 00110011 00000001 00000000 00000000 00101111 00000011 00000010 00000000 00000000 00000000 00000000 11111101 11110010 00101100 00000000 01100010 10101110 01001010 10001110 00001111 01011110 11111100 11101000 00101010 01001111 11100011 11111110 01010100 11100011 01110101 00100111 01010111 10000110 11110010 00101000 00111010 10001110 00101111 01111111 00000000 00000000 00001000 00000000 00101111 00000000 00110101 00000000 00000101 00000000 00000100 00000001 00000000
00010110 00000011 00000010 00000000 00110011 00000001 00000000 00000000 00101111 00000011 00000010 00000000 00000000 00000000 00000000 10011110 00000011 00001100 01110100 10100111 00000100 10100011 10100001 11101011 00011000 01000000 01101111 10010000 10010011 10010111 01000010 10001111 10111001 01111010 00100010 01100010 10111100 00010001 01111111 10111000 00000100 11101110 10110101 00000000 00000000 00001000 00000000 00101111 00000000 00110101 00000000 00000101 00000000 00000100 00000001 00000000
00010110 00000011 00000010 00000000 00110011 00000001 00000000 00000000 00101111 00000011 00000010 00000000 00000000 00000000 00000000 10001000 01101110 10011101 01000110 11100100 11001000 01001010 00111111 01011101 11100001 10110111 00101000 11101011 01110010 11100101 01111000 11000101 01010111 10011010 11101110 00010111 00010100 10111111 01101101 10110101 10101000 01110110 00110000 00000000 00000000 00001000 00000000 00101111 00000000 00110101 00000000 00000101 00000000 00000100 00000001 00000000
00010110 00000011 00000010 00000000 00110011 00000001 00000000 00000000 00101111 00000011 00000010 00000000 00000000 00000000 00000000 01100101 10010110 01011010 01101010 00101010 10010100 00100010 10000011 00011010 00010110 10000101 11001001 01001011 11000100 01010110 10001110 01100001 11011000 11011001 01011111 01100011 10000100 00010001 00000110 00111101 00100011 00100001 00000111 00000000 00000000 00001000 00000000 00101111 00000000 00110101 00000000 00000101 00000000 00000100 00000001 00000000
00010110 00000011 00000010 00000000 00110011 00000001 00000000 00000000 00101111 00000011 00000010 00000000 00000000 00000000 00000000 11101101 01111000 01010001 10110100 11111111 10001110 11001101 01001110 01110110 00100110 11011000 00100011 11101001 01110100 11011011 11110001 01101001 01011011 11100110 00011100 11000001 00101011 10011111 01000110 10101110 01011001 11010010 11000100 00000000 00000000 00001000 00000000 00101111 00000000 00110101 00000000 00000101 00000000 00000100 00000001 00000000
00010110 00000011 00000010 00000000 00110011 00000001 00000000 00000000 00101111 00000011 00000010 00000000 00000000 00000000 00000000 01110010 11100110 11110101 01110101 11100100 10000010 11110001 00111001 11011010 01000111 00110001 01001000 01100000 11101010 11110111 00100100 10001010 00011101 11100110 10101100 10000110 00000001 11000111 11011110 01101001 11000111 10100001 00100111 00000000 00000000 00001000 00000000 00101111 00000000 00110101 00000000 00000101 00000000 00000100 00000001 00000000
00010110 00000011 00000010 00000000 00110011 00000001 00000000 00000000 00101111 00000011 00000010 00000000 00000000 00000000 00000000 10000111 01100001 11111100 01010010 11111011 11001111 11101110 11001110 01000011 11110000 01101111 00111001 00100011 01110010 10011010 11010011 00101001 11100111 00100110 10010000 11000011 10011101 11000001 10100111 00010100 11111100 00011110 00101111 00000000 00000000 00001000 00000000 00101111 00000000 00110101 00000000 00000101 00000000 00000100 00000001 00000000
       S        U        P        L        A        V | u rr                         id | | u call                     type | | u data                     size |